Tuesday Noon Rush
2026-02-17
87,54,21,38,7
12,47,11,22,25

VAG Tuesday
2026-02-17
53,80,63,21,81
24,64,77,31,83

Monday Special
2026-02-16
34,5,22,69,72
57,73,13,74,88

Monday Noon Rush
2026-02-16
85,11,56,83,18
89,12,74,47,69

VAG Monday
2026-02-16
54,47,86,34,5
42,16,59,84,23

Sunday Aseda
2026-02-15
70,40,55,10,51
85,87,27,90,34

National Weekly
2026-02-14
13,16,15,11,71
32,48,34,53,89

Saturday Noon Rush
2026-02-14
76,70,72,19,5
3,24,63,22,12

VAG Saturday
2026-02-14
14,7,43,16,73
62,46,19,74,54

Friday Bonanza
2026-02-13
77,55,60,85,1
44,63,48,80,38

Friday Noon Rush
2026-02-13
8,23,52,15,84
12,24,65,90,75

VAG Friday
2026-02-13
40,68,70,20,24
53,89,43,64,25

Fortune Thursday
2026-02-12
86,35,70,34,77
51,31,9,26,72

Thursday Noon Rush
2026-02-12
57,27,61,5,52
56,78,90,31,86

VAG Thursday
2026-02-12
61,30,23,4,14
42,66,11,63,83

Midweek
2026-02-11
68,79,82,7,73
36,37,31,32,80

Wednesday Noon Rush
2026-02-11
27,52,28,24,15
57,2,84,26,78

VAG Wednesday
2026-02-11
36,63,44,14,72
18,82,87,11,73

Lucky Tuesday
2026-02-10
74,57,3,75,60
19,64,76,15,70

Tuesday Noon Rush
2026-02-10
79,18,42,58,30
54,81,2,11,68

VAG Tuesday
2026-02-10
3,47,35,56,65
21,33,57,82,75

Monday Special
2026-02-09
74,62,20,7,71
50,46,47,60,37

Monday Noon Rush
2026-02-09
48,9,35,38,77
64,62,53,1,29

VAG Monday
2026-02-09
88,53,7,8,36
45,30,5,10,76

Sunday Aseda
2026-02-08
69,77,21,40,31
39,34,28,48,5

National Weekly
2026-02-07
47,55,31,25,48
17,70,46,53,67

Saturday Noon Rush
2026-02-07
17,36,6,42,79
83,29,19,60,22

VAG Saturday
2026-02-07
26,13,48,11,16
17,46,58,29,65

Friday Bonanza
2026-02-06
87,22,7,16,41
64,52,85,70,88

Friday Noon Rush
2026-02-06
10,21,5,47,89
36,56,60,43,13

VAG Friday
2026-02-06
87,5,20,90,70
23,53,52,61,84

Fortune Thursday
2026-02-05
47,5,45,66,15
29,14,12,61,25

Thursday Noon Rush
2026-02-05
27,20,61,77,45
62,26,68,24,80

VAG Thursday
2026-02-05
8,31,63,58,90
28,88,10,85,76

Midweek
2026-02-04
68,51,59,86,13
85,15,65,56,33

Wednesday Noon Rush
2026-02-04
23,44,90,76,64
49,87,12,47,50

VAG Wednesday
2026-02-04
58,79,2,83,64
50,8,20,76,28

Lucky Tuesday
2026-02-03
23,75,63,43,37
67,53,66,14,76

Tuesday Noon Rush
2026-02-03
74,1,20,32,12
67,47,17,60,54

VAG Tuesday
2026-02-03
16,78,18,31,4
62,14,54,55,44

Monday Special
2026-02-02
43,51,25,4,35
71,10,67,76,63

Monday Noon Rush
2026-02-02
65,55,19,31,49
15,36,77,20,18

VAG Monday
2026-02-02
79,20,73,15,62
26,49,85,1,10

Sunday Aseda
2026-02-01
87,56,78,40,1
82,44,25,73,76

National Weekly
2026-01-31
6,39,71,48,70
46,25,19,3,84

Saturday Noon Rush
2026-01-31
85,63,38,70,66
86,37,45,44,71

VAG Saturday
2026-01-31
17,54,81,72,59
24,52,21,2,64

Friday Bonanza
2026-01-30
9,40,34,26,7
70,75,63,58,89

Friday Noon Rush
2026-01-30
48,70,39,68,77
36,64,16,52,5

VAG Friday
2026-01-30
16,17,77,76,29
85,53,19,20,18

Fortune Thursday
2026-01-29
75,10,34,41,13
59,71,62,45,83

Thursday Noon Rush
2026-01-29
77,90,16,21,26
34,86,45,19,67

VAG Thursday
2026-01-29
39,73,83,35,38
5,85,42,13,59

Midweek
2026-01-28
20,40,36,48,56
16,82,1,32,2

Wednesday Noon Rush
2026-01-28
3,56,46,6,19
66,13,62,8,52

VAG Wednesday
2026-01-28
6,60,64,38,82
89,66,55,29,88

Lucky Tuesday
2026-01-27
14,87,13,64,33
89,32,17,71,66

Tuesday Noon Rush
2026-01-27
59,84,52,61,28
37,63,76,44,7

VAG Tuesday
2026-01-27
11,86,74,16,6
45,81,70,89,71

Monday Special
2026-01-26
46,66,7,2,73
37,70,85,62,32

Monday Noon Rush
2026-01-26
67,17,11,4,35
52,49,15,78,47

VAG Monday
2026-01-26
31,41,80,11,18
89,33,70,78,48

Sunday Aseda
2026-01-25
76,18,5,70,33
77,40,53,37,22

National Weekly
2026-01-24
44,78,52,57,7
71,9,77,3,33

Saturday Noon Rush
2026-01-24
44,62,36,85,57
88,14,52,23,19

VAG Saturday
2026-01-24
23,14,46,21,70
52,62,58,43,10

Friday Bonanza
2026-01-23
8,4,54,48,1
68,62,41,60,44

Friday Noon Rush
2026-01-23
58,90,47,69,81
61,19,57,18,76

VAG Friday
2026-01-23
48,11,80,19,70
89,51,42,18,27

Fortune Thursday
2026-01-22
60,82,89,80,84
88,19,36,25,46

Thursday Noon Rush
2026-01-22
6,90,34,61,26
12,71,27,87,80

VAG Thursday
2026-01-22
70,52,78,82,30
75,39,29,34,58

Midweek
2026-01-21
43,59,71,2,9
11,84,38,34,80

Wednesday Noon Rush
2026-01-21
59,2,31,50,32
47,58,87,17,16

VAG Wednesday
2026-01-21
78,43,49,62,6
17,18,88,47,69

Lucky Tuesday
2026-01-20
21,17,11,76,86
23,19,38,79,26

Tuesday Noon Rush
2026-01-20
47,7,20,62,90
85,51,76,43,66

VAG Tuesday
2026-01-20
89,86,83,54,61
53,75,90,56,36

Monday Special
2026-01-19
86,74,57,60,8
30,72,87,46,31

Monday Noon Rush
2026-01-19
51,32,24,70,56
9,13,18,44,41

VAG Monday
2026-01-19
1,4,77,49,11
41,17,47,72,55

Sunday Aseda
2026-01-18
33,10,39,53,34
35,1,12,86,90

National Weekly
2026-01-17
42,81,27,37,23
67,89,68,30,39

Saturday Noon Rush
2026-01-17
12,75,5,78,31
25,38,54,72,37

VAG Saturday
2026-01-17
52,72,18,37,20
50,69,85,88,2

Friday Bonanza
2026-01-16
15,49,7,70,66
68,42,74,22,40

Friday Noon Rush
2026-01-16
12,77,56,74,80
0,0,0,0,0

VAG Friday
2026-01-16
11,72,67,1,57
45,77,20,37,79

Fortune Thursday
2026-01-15
69,53,7,58,88
19,13,20,71,15

Thursday Noon Rush
2026-01-15
37,60,17,52,79
19,43,10,57,34

VAG Thursday
2026-01-15
76,81,35,58,64
52,73,77,23,53

Midweek
2026-01-14
76,10,51,45,63
22,28,66,87,38

Wednesday Noon Rush
2026-01-14
66,70,75,63,3
38,26,1,16,48

VAG Wednesday
2026-01-14
54,22,39,41,2
85,34,78,8,67

Lucky Tuesday
2026-01-13
31,3,70,43,58
78,36,76,11,52

Tuesday Noon Rush
2026-01-13
5,52,44,2,8
74,64,38,83,81

VAG Tuesday
2026-01-13
55,14,16,75,60
36,57,56,50,23

Monday Special
2026-01-12
12,26,40,47,44
71,73,14,45,31

Monday Noon Rush
2026-01-12
30,24,43,1,40
70,45,58,56,62

VAG Monday
2026-01-12
84,87,31,50,89
26,66,10,83,21

Sunday Aseda
2026-01-11
59,66,22,1,82
74,9,75,32,27

National Weekly
2026-01-10
74,44,58,16,42
70,57,40,43,19

Saturday Noon Rush
2026-01-10
16,25,36,49,69
7,58,37,23,34

VAG Saturday
2026-01-10
45,2,85,47,17
74,69,50,11,15

Fortune Thursday
2025-01-08
38,5,64,88,41
49,54,35,53,55

Thursday Noon Rush
2026-01-08
15,27,28,84,17
19,89,58,31,49

VAG Thursday
2026-01-08
46,82,69,56,22
20,39,65,8,28

Midweek
2025-01-07
18,37,60,49,46
66,79,40,25,82

Wednesday Noon Rush
2026-01-07
13,30,74,46,41
71,84,55,53,72

VAG Wednesday
2026-01-07
34,42,82,55,36
88,44,14,45,90

Lucky Tuesday
2026-01-06
85,7,5,81,56
20,87,23,35,64

Tuesday Noon Rush
2026-01-06
75,13,42,68,62
41,27,87,54,71

VAG Tuesday
2026-01-06
37,84,22,83,38
51,78,62,90,65

Monday Special
2026-01-05
25,20,40,79,43
31,82,32,63,57

Monday Noon Rush
2026-01-05
5,43,33,83,76
49,51,52,50,64

VAG Monday
2026-01-05
87,73,13,54,85
16,59,81,22,30

Sunday Aseda
2026-01-04
48,88,21,50,45
19,73,57,80,75

National Weekly
2026-01-03
10,38,37,25,27
89,29,3,63,20

Saturday Noon Rush
2026-01-03
85,33,49,76,20
70,50,61,2,80

VAG Saturday
2026-01-03
57,74,41,6,60
55,89,86,39,12

Friday Bonanza
2026-01-02
46,48,44,1,73
29,78,21,68,35

Friday Noon Rush
2026-01-02
90,15,77,64,86
80,70,60,17,13

VAG Friday
2026-01-02
58,2,41,38,66
90,28,78,45,55

Midweek
2025-12-31
1,88,66,22,20
0,0,0,0,0

Wednesday Noon Rush
2025-12-31
44,71,76,38,80
64,63,43,83,2

VAG Wednesday
2025-12-31
77,87,89,82,20
66,19,22,41,90

Lucky Tuesday
2025-12-30
81,40,8,23,42
82,59,44,48,74

Tuesday Noon Rush
2025-12-30
27,23,2,62,86
56,67,87,40,21

VAG Tuesday
2025-12-30
23,2,26,85,37
18,80,35,70,10

Monday Special
2025-12-29
1,6,69,82,55
64,31,16,63,52

Monday Noon Rush
2025-12-29
87,79,15,52,24
53,10,65,49,51

Sunday Aseda
2025-12-28
59,90,35,18,66
0,0,0,0,0

National Weekly
2025-12-27
12,3,65,4,29
33,69,85,68,90

Saturday Noon Rush
2025-12-27
21,67,2,78,37
0,0,0,0,0

Midweek
2025-12-24
38,24,70,49,73
25,65,1,33,76

Wednesday Noon Rush
2025-12-24
18,63,90,8,35
84,67,83,40,44

VAG Wednesday
2025-12-24
8,67,11,79,43
49,9,87,88,52

Lucky Tuesday
2025-12-23
30,54,72,19,71
0,0,0,0,0

Tuesday Noon Rush
2025-12-23
44,43,86,71,31
0,0,0,0,0

Monday Special
2025-12-22
23,33,7,77,8
55,48,67,16,62

Monday Noon Rush
2025-12-22
33,32,70,55,13
27,41,75,64,52

VAG Monday
2025-12-22
42,19,75,52,44
9,84,57,67,74

Sunday Aseda
2025-12-21
36,34,22,88,38
30,34,22,88,38

National Weekly
2025-12-20
57,61,80,72,83
59,14,44,63,28

Saturday Noon Rush
2025-12-20
76,19,59,6,86
9,8,44,22,56

VAG Saturday
2025-12-20
20,33,37,84,6
50,79,83,31,8

Friday Bonanza
2025-12-19
57,26,63,25,20
75,72,61,10,78

Friday Noon Rush
2025-12-19
65,19,22,23,47
1,88,36,83,10

VAG Friday
2025-12-19
69,37,56,68,53
65,52,61,8,62

Fortune Thursday
2025-12-18
1,2,75,39,16
31,48,83,40,80

Thursday Noon Rush
2025-12-18
21,85,37,40,57
0,0,0,0,0

VAG Thursday
2025-12-18
26,10,83,17,78
53,80,31,21,87

Midweek
2025-12-17
13,59,71,90,82
32,19,74,54,56

Wednesday Noon Rush
2025-12-17
18,76,3,10,8
89,35,83,55,47

VAG Wednesday
2025-12-17
55,23,61,39,89
85,82,87,17,34

Lucky Tuesday
2025-12-16
56,55,2,14,10
11,5,43,21,71

Tuesday Noon Rush
2025-12-16
76,13,26,49,30
3,9,27,45,32

VAG Tuesday
2025-12-16
76,90,25,12,75
88,80,73,17,59

Monday Special
2025-12-15
30,22,61,51,17
65,88,87,21,83

Monday Noon Rush
2025-12-15
47,23,66,63,7
27,48,55,81,49

VAG Monday
2025-12-15
47,49,8,3,51
73,50,58,75,66

Sunday Aseda
2025-12-14
81,63,5,55,20
13,63,5,55,20

National Weekly
2025-12-13
7,64,65,83,19
44,66,3,89,5

Saturday Noon Rush
2025-12-13
5,81,22,75,58
49,17,83,74,19

Friday Bonanza
2025-12-12
58,54,53,82,56
61,2,36,27,49

Friday Noon Rush
2025-12-12
41,8,24,20,45
0,0,0,0,0

VAG Friday
2025-12-12
55,63,26,46,50
0,0,0,0,0

Fortune Thursday
2025-12-11
29,85,75,16,5
87,79,11,23,77

Thursday Noon Rush
2025-12-11
88,1,60,7,87
14,40,85,66,33

VAG Thursday
2025-12-11
46,52,72,76,23
81,79,26,59,10

Midweek
2025-12-10
6,80,86,82,45
30,18,8,79,3

Wednesday Noon Rush
2025-12-10
62,51,85,49,35
72,63,41,59,21

VAG Wednesday
2025-12-10
28,81,52,85,57
20,41,74,59,64

Lucky Tuesday
2025-12-09
51,7,3,23,21
59,90,74,69,77

Tuesday Noon Rush
2025-12-09
59,27,24,31,13
35,73,5,40,85

VAG Tuesday
2025-12-09
17,90,30,78,52
60,23,66,83,69

Monday Special
2025-12-08
38,42,50,78,46
82,41,2,83,74

Monday Noon Rush
2025-12-08
37,9,88,56,62
42,75,82,44,29

VAG Monday
2025-12-08
3,54,89,15,72
37,30,23,78,25

Sunday Aseda
2025-12-07
60,36,11,86,20
49,32,79,56,74

National Weekly
2025-12-06
48,43,76,34,30
3,20,10,13,22

Saturday Noon Rush
2025-12-06
3,68,47,28,42
45,24,80,19,60

Friday Bonanza
2025-12-05
10,57,9,40,50
54,5,69,38,80

Friday Noon Rush
2025-12-05
70,84,40,7,85
2,68,90,57,12

VAG Friday
2025-12-05
19,89,11,7,15
22,86,28,46,61

Fortune Thursday
2025-12-04
55,48,13,66,3
69,40,8,68,26

Thursday Noon Rush
2025-12-04
30,89,31,62,22
6,41,74,16,81

Midweek
2025-12-03
89,22,67,62,53
56,28,68,15,69

Wednesday Noon Rush
2025-12-03
33,42,11,83,77
86,65,36,29,56

VAG Wednesday
2025-12-03
40,69,16,88,15
5,21,76,74,78

Lucky Tuesday
2025-12-02
79,35,52,23,17
14,38,89,47,74

Tuesday Noon Rush
2025-12-02
72,54,25,48,15
1,30,18,45,15

VAG Tuesday
2025-12-02
38,83,54,11,84
80,23,65,6,14

Monday Special
2025-12-01
11,9,27,55,32
67,42,57,46,75

Monday Noon Rush
2025-12-01
67,55,89,74,38
75,61,85,36,79

Sunday Aseda
2025-11-30
62,10,72,3,41
33,73,86,88,77

National Weekly
2025-11-29
67,60,56,55,58
66,11,84,40,30

Saturday Noon Rush
2025-11-29
56,50,5,66,44
62,32,59,22,25

Friday Bonanza
2025-11-28
79,4,49,75,78
48,51,26,31,7

Friday Noon Rush
2025-11-28
64,62,74,37,85
83,82,44,89,50

Fortune Thursday
2025-11-27
41,33,26,88,14
28,73,18,65,37

Thursday Noon Rush
2025-11-27
22,10,74,85,20
13,76,88,47,79

Midweek
2025-11-26
24,64,79,70,17
57,89,74,42,26

Wednesday Noon Rush
2025-11-26
38,55,37,90,32
3,4,65,79,32

Lucky Tuesday
2025-11-25
81,67,88,2,4
61,74,69,32,26

Tuesday Noon Rush
2025-11-25
2,71,1,45,52
64,78,30,15,25

VAG Tuesday
2025-11-25
21,38,42,79,22
47,58,51,7,31

Monday Special
2025-11-24
48,29,87,79,63
17,21,62,52,5

Monday Noon Rush
2025-11-24
78,31,66,45,20
36,65,1,83,12

Sunday Aseda
2025-11-23
43,60,36,44,87
9,51,16,79,69

National Weekly
2025-11-22
66,4,61,42,86
17,18,30,38,68

Saturday Noon Rush
2025-11-22
35,44,24,65,23
13,38,26,2,70

Friday Bonanza
2025-11-21
81,60,33,8,76
18,44,87,73,88

Friday Noon Rush
2025-11-21
60,36,23,56,84
32,62,29,68,55

VAG Friday
2025-11-21
70,13,33,78,23
19,87,84,65,10

Fortune Thursday
2025-11-20
46,26,4,27,35
51,67,42,37,16

Thursday Noon Rush
2025-11-20
67,83,8,64,79
86,78,89,76,68

Midweek
2025-11-19
17,53,60,24,9
83,80,33,50,78

Wednesday Noon Rush
2025-11-19
86,37,30,78,84
28,2,90,21,42

VAG Wednesday
2025-11-19
59,21,74,45,86
13,34,85,31,77

Lucky Tuesday
2025-11-18
81,72,12,89,49
64,87,25,60,16

Tuesday Noon Rush
2025-11-18
60,89,19,38,25
65,71,41,8,74

VAG Tuesday
2025-11-18
42,47,27,11,55
33,45,81,77,73

Monday Special
2025-11-17
37,86,35,33,72
8,44,29,56,51

Monday Noon Rush
2025-11-17
33,7,9,38,19
35,5,31,54,87

VAG Monday
2025-11-17
1,32,3,83,16
43,20,53,31,55

Sunday Aseda
2025-11-16
53,68,13,63,81
88,31,32,49,4

National Weekly
2025-11-15
65,33,9,73,32
16,85,40,1,50

Saturday Noon Rush
2025-11-15
21,79,1,69,57
31,56,68,10,53

VAG Saturday
2025-11-15
23,30,26,76,7
65,47,73,15,45

Friday Bonanza
2025-11-14
90,79,88,80,68
63,82,70,28,50

Friday Noon Rush
2025-11-14
21,74,31,23,90
15,33,80,78,17

VAG Friday
2025-11-14
62,5,51,7,54
3,19,30,89,13

Fortune Thursday
2025-11-13
2,50,81,56,15
90,48,20,69,59

Thursday Noon Rush
2025-11-13
90,85,33,88,76
43,28,61,79,32

VAG Thursday
2025-11-13
60,76,38,57,86
72,61,70,44,11

Midweek
2025-11-12
76,74,57,48,67
35,84,30,18,90

Wednesday Noon Rush
2025-11-12
38,4,16,58,57
85,31,24,53,81

VAG Wednesday
2025-11-12
64,24,2,17,53
1,66,87,23,77

Lucky Tuesday
2025-11-11
33,30,59,75,86
44,85,17,40,38

Tuesday Noon Rush
2025-11-11
61,39,16,38,78
12,56,3,42,33

VAG Tuesday
2025-11-11
6,8,62,85,5
70,21,69,83,29

Monday Special
2025-11-10
50,62,88,9,24
29,39,85,75,36

Monday Noon Rush
2025-11-10
56,74,4,7,11
86,38,55,81,31

VAG Monday
2025-11-10
5,6,49,64,67
38,28,19,73,81

Sunday Aseda
2025-11-09
7,44,20,78,41
69,57,22,74,34

National Weekly
2025-11-08
17,42,11,75,89
64,35,15,8,71

Saturday Noon Rush
2025-11-08
60,9,39,18,22
86,27,78,67,23

VAG Saturday
2025-11-08
33,1,69,86,44
43,8,90, 42,59

Friday Bonanza
2025-11-07
46,60,1,17,64
16,19,31,18,36

Friday Noon Rush
2025-11-07
16,33,41,58,90
9,73,3,14,5

VAG Friday
2025-11-07
22,83,27,54,87
75,56,34,6,60

Fortune Thursday
2025-11-06
32,31,46,65,17
37,72,57,56,3

Thursday Noon Rush
2025-11-06
89,19,9,71,32
30,51,73,11,2

VAG Thursday
2025-11-06	
90,49,3,75,15
10,85,11,22,35

Midweek
2025-11-05
78,61,10,18,40
25,80,3,50,34

Wednesday Noon Rush
2025-11-05
61,30,23,33,52
51,71,16,39,70

VAG Wednesday
2025-11-05
55,80,66,83,28
30,75,74,39,69

Lucky Tuesday
2025-11-04
78,22,1,68,63
8,62,64,59,53

Tuesday Noon Rush
2025-11-04
36,34,17,45,58
54,37,13,30,83

VAG Tuesday	
2025-11-04
5,38,36,56,59
65,74,53,70,49

Monday Special
2025-11-03
32,21,56,14,57
46,54,28,67,60

Monday Noon Rush
2025-11-03
47,26,35,74,79
18,10,68,22,65

VAG Monday
2025-11-03
39,55,65,50,87
45,66,61,42,36

Sunday Aseda
2025-11-02
71,89,32,62,70
29,69,57,72,76

National Weekly
2025-11-01
29,12,4,42,20
54,64,32,52,45

Saturday Noon Rush
2025-11-01
6,3,45,37,70
38,79,24,12,23

VAG Saturday
2025-11-01
69,40,57,31,76
61,44,25,50,45

Friday Bonanza
2025-10-31
24,62,80,17,64
16,74,37,31,53

Friday Noon Rush
2025-10-31
16,67,43,46,63
5,59,78,75,12

VAG Friday
2025-10-31
44,59,31,67,39
83,85,15,9,25

Fortune Thursday
2025-10-30
45,6,71,12,13
49,42,5,48,7

Thursday Noon Rush
2025-10-30
11,22,21,54,51
71,84,57,29,25

VAG Thursday
2025-10-30
62,63,34,85,4
14,15,7,31,58

Midweek
2025-10-29
43,4,21,33,46
0,0,0,0,0

Wednesday Noon Rush
2025-10-29
89,45,56,44,73
0,0,0,0,0

Lucky Tuesday
2025-10-28
29,64,36,67,4
0,0,0,0,0

Tuesday Noon Rush
2025-10-28
27,21,38,58,89
0,0,0,0,0

Monday Special
2025-10-27
58,89,12,76,16
0,0,0,0,0

Monday Noon Rush
2025-10-27
41,10,85,23,5
0,0,0,0,0

Sunday Aseda
2025-10-26
62,28,2,52,73
0,0,0,0,0

National Weekly
2025-10-25
24,16,29,69,14
0,0,0,0,0

Saturday Noon Rush
2025-10-25
50,62,11,35,29
0,0,0,0,0

Friday Bonanza
2025-10-24
86,79,35,30,65
0,0,0,0,0

Friday Noon Rush
2025-10-24
7,39,46,15,24
0,0,0,0,0

Fortune Thursday
2025-10-23
17,19,68,3,84
0,0,0,0,0

Thursday Noon Rush
2025-10-23
65,73,30,32,45
0,0,0,0,0

Midweek
2025-10-22
83,21,79,88,84
0,0,0,0,0

Wednesday Noon Rush
2025-10-22
67,6,14,23,39
0,0,0,0,0

Lucky Tuesday
2025-10-21
58,20,41,44,65
0,0,0,0,0

Tuesday Noon Rush
2025-10-21
75,55,56,32,73
0,0,0,0,0

Monday Special
2025-10-20
40,75,88,23,39
0,0,0,0,0

Monday Noon Rush
2025-10-20
45,50,59,26,31
0,0,0,0,0

Sunday Aseda
2025-10-19
33,80,34,77,57
0,0,0,0,0

National Weekly
2025-10-18
34,56,87,90,35
0,0,0,0,0

Saturday Noon Rush
2025-10-18
15,81,58,49,23
0,0,0,0,0

Friday Bonanza
2025-10-17
18,80,41,67,22
0,0,0,0,0

Friday Noon Rush
2025-10-17
47,26,2,83,73
0,0,0,0,0

Fortune Thursday
2025-10-16
44,73,6,81,62
0,0,0,0,0

Thursday Noon Rush
2025-10-16
77,18,57,53,61
0,0,0,0,0

Midweek
2025-10-15
84,85,20,33,36
0,0,0,0,0

Wednesday Noon Rush
2025-10-15
33,72,68,70,85
0,0,0,0,0

Lucky Tuesday
2025-10-14
38,63,18,76,85
0,0,0,0,0

Tuesday Noon Rush
2025-10-14
89,51,65,90,79
0,0,0,0,0

Monday Special
2025-10-13
38,69,28,87,31
0,0,0,0,0

Monday Noon Rush
2025-10-13
16,74,88,37,5
0,0,0,0,0

Sunday Aseda
2025-10-12
28,87,8,41,37
0,0,0,0,0

National Weekly
2025-10-11
53,29,67,61,19
0,0,0,0,0

Saturday Noon Rush
2025-10-11
8,85,59,69,19
0,0,0,0,0

Friday Bonanza
2025-10-10
73,63,68,29,35
0,0,0,0,0

Friday Noon Rush
2025-10-10
31,72,64,88,45
0,0,0,0,0

Fortune Thursday
2025-10-09
15,44,39,31,89
0,0,0,0,0

Thursday Noon Rush
2025-10-09
90,75,40,50,32
0,0,0,0,0

Midweek
2025-10-08
1,2,60,74,15
0,0,0,0,0

Wednesday Noon Rush
2025-10-08
33,44,61,30,40
0,0,0,0,0

Lucky Tuesday
2025-10-07
86,26,51,73,6
0,0,0,0,0

Tuesday Noon Rush
2025-10-07
49,81,30,20,47
0,0,0,0,0

Monday Special
2025-10-06
55,25,74,13,1
0,0,0,0,0

Monday Noon Rush
2025-10-06
58,76,28,26,49
0,0,0,0,0

Sunday Aseda
2025-10-05
5,80,4,31,72
0,0,0,0,0

National Weekly
2025-10-04
79,69,28,48,33
0,0,0,0,0

Saturday Noon Rush
2025-10-04
69,18,82,70,44
0,0,0,0,0

Friday Bonanza
2025-10-03
43,62,2,90,66
0,0,0,0,0

Friday Noon Rush
2025-10-03
63,11,89,58,47
0,0,0,0,0

Fortune Thursday
2025-10-02
38,57,69,47,2
0,0,0,0,0

Thursday Noon Rush
2025-10-02
37,41,61,9,27
0,0,0,0,0

Midweek
2025-10-01
82,15,55,67,47
0,0,0,0,0

Wednesday Noon Rush
2025-10-01
80,37,3,58,69
0,0,0,0,0

Lucky Tuesday
2025-09-30
11,69,64,35,78
0,0,0,0,0

Tuesday Noon Rush
2025-09-30
49,8,30,32,33
0,0,0,0,0

Monday Special
2025-09-29
19,67,8,37,49
0,0,0,0,0

Monday Noon Rush
2025-09-29
20,19,85,8,59
0,0,0,0,0

Sunday Aseda
2025-09-28
15,34,78,9,89
0,0,0,0,0

National Weekly
2025-09-27
38,34,63,43,86
0,0,0,0,0

Saturday Noon Rush
2025-09-27
19,80,85,82,70
0,0,0,0,0

Friday Bonanza
2025-09-26
56,28,21,19,85
0,0,0,0,0

Friday Noon Rush
2025-09-26
13,47,25,45,6
0,0,0,0,0

Fortune Thursday
2025-09-25
89,62,72,6,4
0,0,0,0,0

Thursday Noon Rush
2025-09-25
50,69,59,16,26
0,0,0,0,0

Midweek
2025-09-24
49,46,45,9,38
0,0,0,0,0

Wednesday Noon Rush
2025-09-24
39,68,52,50,53
0,0,0,0,0

Lucky Tuesday
2025-09-23
14,78,29,86,39
0,0,0,0,0

Tuesday Noon Rush
2025-09-23
52,23,65,72,89
0,0,0,0,0

Monday Special
2025-09-23
1,15,38,46,27
0,0,0,0,0

Monday Noon Rush
2025-09-23
28,53,51,60,21
0,0,0,0,0

Sunday Aseda
2025-09-21
73,13,59,83,74
0,0,0,0,0

National Weekly
2025-09-20
15,36,41,25,7
0,0,0,0,0

Saturday Noon Rush
2025-09-20
64,24,59,29,56
0,0,0,0,0

Friday Bonanza
2025-09-19
88,69,39,33,25
0,0,0,0,0

Friday Noon Rush
2025-09-19
78,66,40,38,82
0,0,0,0,0

Fortune Thursday
2025-09-18
30,59,55,75,34
0,0,0,0,0

Thursday Noon Rush
2025-09-18
85,61,86,18,25
0,0,0,0,0

Midweek
2025-09-17
68,63,16,34,85
0,0,0,0,0

Wednesday Noon Rush
2025-09-17
55,61,74,18,19
0,0,0,0,0

Lucky Tuesday
2025-09-16
49,87,61,22,34
0,0,0,0,0

Tuesday Noon Rush
2025-09-16
16,45,86,33,21
0,0,0,0,0

Monday Special
2025-09-15
33,90,34,3,73
0,0,0,0,0

Monday Noon Rush
2025-09-15
40,48,56,10,42
0,0,0,0,0

Sunday Aseda
2025-09-14
36,12,64,14,79
0,0,0,0,0

National Weekly
2025-09-13
47,57,79,17,34
0,0,0,0,0

Saturday Noon Rush
2025-09-13
11,9,69,78,77
0,0,0,0,0

Friday Bonanza
2025-09-12
38,58,90,57,86
0,0,0,0,0

Friday Noon Rush
2025-09-12
45,61,49,51,41
0,0,0,0,0

Fortune Thursday
2025-09-11
72,44,76,60,30
0,0,0,0,0

Thursday Noon Rush
2025-09-11
75,44,24,8,1
0,0,0,0,0

Midweek
2025-09-10
23,32,19,70,30
0,0,0,0,0

Wednesday Noon Rush
2025-09-10
90,56,72,34,19
0,0,0,0,0

Lucky Tuesday
2025-09-09
14,51,57,89,17
0,0,0,0,0

Tuesday Noon Rush
2025-09-09
21,34,45,86,49
0,0,0,0,0

Monday Special
2025-09-08
13,36,81,59,26
0,0,0,0,0

Monday Noon Rush
2025-09-08
5,63,81,70,76
0,0,0,0,0

Sunday Aseda
2025-09-07
2,17,12,10,18
0,0,0,0,0

National Weekly
2025-09-06
89,58,45,31,19
0,0,0,0,0

Saturday Noon Rush
2025-09-06
15,31,43,29,33
0,0,0,0,0

Friday Bonanza
2025-09-05
57,3,60,71,17
0,0,0,0,0

Friday Noon Rush
2025-09-05
46,42,48,85,23
0,0,0,0,0

Fortune Thursday
2025-09-04
62,19,46,12,43
0,0,0,0,0

Thursday Noon Rush
2025-09-04
49,1,81,39,23
0,0,0,0,0

Midweek
2025-09-03
58,84,18,57,7
0,0,0,0,0

Wednesday Noon Rush
2025-09-03
61,18,22,30,81
0,0,0,0,0

Lucky Tuesday
2025-09-02
57,50,21,89,46
0,0,0,0,0

Tuesday Noon Rush
2025-09-02
17,90,53,18,64
0,0,0,0,0

Monday Special
2025-09-01
81,84,50,10,41
0,0,0,0,0

Monday Noon Rush
2025-09-01
6,24,77,46,9
0,0,0,0,0

Sunday Aseda
2025-08-31
57,88,74,46,40
0,0,0,0,0

National Weekly
2025-08-30
61,17,65,54,59
0,0,0,0,0

Saturday Noon Rush
2025-08-30
80,6,3,75,86
0,0,0,0,0

Friday Bonanza
2025-08-29
13,63,60,23,67
0,0,0,0,0

Friday Noon Rush
2025-08-29
1,11,75,33,65
0,0,0,0,0

Fortune Thursday
2025-08-28
40,56,35,57,59
0,0,0,0,0

Thursday Noon Rush
2025-08-28
66,25,27,9,12
0,0,0,0,0

Midweek
2025-08-27
84,14,18,10,89
0,0,0,0,0

Wednesday Noon Rush
2025-08-27
14,78,88,42,67
0,0,0,0,0

Lucky Tuesday
2025-08-26
4,90,38,56,85
0,0,0,0,0

Tuesday Noon Rush
2025-08-26
3,80,17,40,61
0,0,0,0,0

Monday Special
2025-08-25
2,1,61,63,85
0,0,0,0,0

Monday Noon Rush
2025-08-25
85,44,84,40,51
0,0,0,0,0

Sunday Aseda
2025-08-24
71,51,36,84,10
0,0,0,0,0

National Weekly
2025-08-23
6,2,3,73,47
0,0,0,0,0

Saturday Noon Rush
2025-08-23
42,4,7,60,83
0,0,0,0,0

Friday Bonanza
2025-08-22
29,28,48,64,31
0,0,0,0,0

Friday Noon Rush
2025-08-22
41,67,43,70,12
0,0,0,0,0

Fortune Thursday
2025-08-21
44,70,5,9,25
0,0,0,0,0

Thursday Noon Rush
2025-08-21
60,50,14,38,7
0,0,0,0,0

Midweek
2025-08-20
68,45,43,40,15
0,0,0,0,0

Wednesday Noon Rush
2025-08-20
69,5,18,7,3
0,0,0,0,0

Lucky Tuesday
2025-08-19
1,88,71,66,3
0,0,0,0,0

Tuesday Noon Rush
2025-08-19
31,27,75,43,39
0,0,0,0,0

Monday Special
2025-08-18
27,16,89,77,14
0,0,0,0,0

Monday Noon Rush
2025-08-18
86,60,2,44,85
0,0,0,0,0

Sunday Aseda
2025-08-17
53,55,87,33,6
0,0,0,0,0

National Weekly
2025-08-16
8,14,72,21,15
0,0,0,0,0

Saturday Noon Rush
2025-08-16
40,53,45,69,81
0,0,0,0,0

Friday Bonanza
2025-08-15
55,20,30,54,24
0,0,0,0,0

Friday Noon Rush
2025-08-15
51,82,33,39,67
0,0,0,0,0

Fortune Thursday
2025-08-14
78,3,82,29,22
0,0,0,0,0

Thursday Noon Rush
2025-08-14
6,55,1,21,83
0,0,0,0,0

Midweek
2025-08-13
76,39,1,83,29
0,0,0,0,0

Wednesday Noon Rush
2025-08-13
17,3,80,57,22
0,0,0,0,0

Lucky Tuesday
2025-08-12
64,86,83,16,26
0,0,0,0,0

Tuesday Noon Rush
2025-08-12
67,32,11,88,43
0,0,0,0,0

Monday Special
2025-08-11
4,70,22,34,90
0,0,0,0,0

Monday Noon Rush
2025-08-11
46,8,5,86,57
0,0,0,0,0

Sunday Aseda
2025-08-10
47,15,30,69,42
0,0,0,0,0

National Weekly
2025-08-09
8,57,63,58,87
0,0,0,0,0

Saturday Noon Rush
2025-08-09
58,36,21,87,41
0,0,0,0,0

Fortune Thursday
2025-08-07
2,33,29,78,15
0,0,0,0,0

Thursday Noon Rush
2025-08-07
85,25,15,52,90
0,0,0,0,0

Midweek
2025-08-06
70,51,52,5,88
0,0,0,0,0

Wednesday Noon Rush
2025-08-06
51,54,46,42,29
0,0,0,0,0

Lucky Tuesday
2025-08-05
28,54,72,76,89
0,0,0,0,0

Tuesday Noon Rush
2025-08-05
39,11,56,7,90
0,0,0,0,0

Monday Special
2025-08-04
12,52,73,79,71
0,0,0,0,0

Monday Noon Rush
2025-08-04
5,72,17,32,11
0,0,0,0,0

Sunday Aseda
2025-08-03
77,52,27,87,71
0,0,0,0,0

National Weekly
2025-08-02
16,32,60,73,23
0,0,0,0,0

Saturday Noon Rush
2025-08-02
69,61,1,35,28
0,0,0,0,0

Friday Bonanza
2025-08-01
56,26,71,33,35
0,0,0,0,0

Friday Noon Rush
2025-08-01
13,69,39,45,40
0,0,0,0,0

Fortune Thursday
2025-07-31
67,46,66,9,64
0,0,0,0,0

Thursday Noon Rush
2025-07-31
76,66,69,39,83
0,0,0,0,0

Midweek
2025-07-30
8,44,75,40,21
0,0,0,0,0

Wednesday Noon Rush
2025-07-30
40,64,68,11,61
0,0,0,0,0

Lucky Tuesday
2025-07-29
50,27,61,74,37
0,0,0,0,0

Tuesday Noon Rush
2025-07-29
11,35,85,12,73
0,0,0,0,0

Monday Special
2025-07-28
50,31,73,33,6
0,0,0,0,0

Monday Noon Rush
2025-07-28
41,29,23,4,8
0,0,0,0,0

Sunday Aseda
2025-07-27
58,4,48,12,82
0,0,0,0,0

National Weekly
2025-07-26
53,88,56,10,43
0,0,0,0,0

Saturday Noon Rush
2025-07-26
8,50,60,56,70
0,0,0,0,0

Friday Bonanza
2025-07-25
14,80,19,41,79
0,0,0,0,0

Friday Noon Rush
2025-07-25
54,4,11,29,73
0,0,0,0,0

Fortune Thursday
2025-07-24
82,10,58,83,21
0,0,0,0,0

Thursday Noon Rush
2025-07-24
46,59,1,29,66
0,0,0,0,0

Midweek
2025-07-23
85,30,4,17,87
0,0,0,0,0

Wednesday Noon Rush
2025-07-23
78,4,55,21,90
0,0,0,0,0

Lucky Tuesday
2025-07-22
43,44,36,75,88
0,0,0,0,0

Tuesday Noon Rush
2025-07-22
59,65,13,38,82
0,0,0,0,0

Monday Special
2025-07-21
16,38,66,77,72
0,0,0,0,0

Monday Noon Rush
2025-07-21
87,70,7,41,34
0,0,0,0,0

Sunday Aseda
2025-07-20
31,80,4,9,70
0,0,0,0,0

National Weekly
2025-07-19
59,14,80,31,67
0,0,0,0,0

Saturday Noon Rush
2025-07-19
22,44,46,65,57
0,0,0,0,0

Friday Bonanza
2025-07-18
86,35,47,7,74
0,0,0,0,0

Friday Noon Rush
2025-07-18
20,44,31,12,17
0,0,0,0,0

Fortune Thursday
2025-07-17
2,51,67,83,18
0,0,0,0,0

Thursday Noon Rush
2025-07-17
44,50,42,87,22
0,0,0,0,0

Midweek
2025-07-16
48,55,41,69,32
0,0,0,0,0

Wednesday Noon Rush
2025-07-16
73,78,4,9,20
0,0,0,0,0

Lucky Tuesday
2025-07-15
60,2,33,46,89
0,0,0,0,0

Tuesday Noon Rush
2025-07-15
65,4,8,34,10
0,0,0,0,0

Monday Special
2025-07-14
52,47,62,46,16
0,0,0,0,0

Monday Noon Rush
2025-07-14
78,73,34,84,55
0,0,0,0,0

Sunday Aseda
2025-07-13
2,56,33,32,85
0,0,0,0,0

National Weekly
2025-07-12
85,81,70,64,62
0,0,0,0,0

Saturday Noon Rush
2025-07-12
65,32,12,3,55
0,0,0,0,0

Friday Bonanza
2025-07-11
39,25,9,80,41
0,0,0,0,0

Friday Noon Rush
2025-07-11
80,73,66,14,74
0,0,0,0,0

Fortune Thursday
2025-07-10
67,29,53,44,90
0,0,0,0,0

Thursday Noon Rush
2025-07-10
37,61,72,6,27
0,0,0,0,0

Midweek
2025-07-09
31,43,16,3,79
0,0,0,0,0

Wednesday Noon Rush
2025-07-09
24,83,54,64,59
0,0,0,0,0

Lucky Tuesday
2025-07-08
51,66,74,62,6
0,0,0,0,0

Tuesday Noon Rush
2025-07-08
23,64,49,17,86
0,0,0,0,0

Monday Special
2025-07-07
40,4,36,66,29
0,0,0,0,0

Monday Noon Rush
2025-07-07
8,2,43,6,52
0,0,0,0,0

Sunday Aseda
2025-07-06
58,75,88,68,85
0,0,0,0,0

National Weekly
2025-07-05
11,60,43,28,6
0,0,0,0,0

Saturday Noon Rush
2025-07-05
82,59,38,88,81
0,0,0,0,0

Friday Bonanza
2025-07-05
68,62,36,56,58
0,0,0,0,0

Friday Noon Rush
2025-07-05
4,20,79,1,58
0,0,0,0,0

Fortune Thursday
2025-07-03
6,53,10,38,63
0,0,0,0,0

Thursday Noon Rush
2025-07-03
53,4,59,39,2
0,0,0,0,0

Midweek
2025-07-02
82,72,64,14,57
0,0,0,0,0

Wednesday Noon Rush
2025-07-02
72,23,62,43,32
0,0,0,0,0

Lucky Tuesday
2025-07-01
18,57,16,26,60
0,0,0,0,0

Tuesday Noon Rush
2025-07-01
63,18,53,59,77
0,0,0,0,0

Monday Special
2025-06-30
37,52,33,13,53
0,0,0,0,0

Monday Noon Rush
2025-06-30
27,15,21,67,68
0,0,0,0,0

Sunday Aseda
2025-06-29
59,25,23,4,50
0,0,0,0,0

National Weekly
2025-06-28
65,10,27,37,86
0,0,0,0,0

Saturday Noon Rush
2025-06-28
50,25,55,85,7
0,0,0,0,0

Friday Bonanza
2025-06-27
65,23,85,60,76
0,0,0,0,0

Friday Noon Rush
2025-06-27
65,16,7,59,85
0,0,0,0,0

Fortune Thursday
2025-06-26
22,68,53,39,86
0,0,0,0,0

Thursday Noon Rush
2025-06-26
5,26,41,33,68
0,0,0,0,0

Midweek
2025-06-25
22,84,2,33,56
0,0,0,0,0

Wednesday Noon Rush
2025-06-25
52,31,9,41,13
0,0,0,0,0

Lucky Tuesday
2025-06-24
53,79,60,3,73
0,0,0,0,0

Tuesday Noon Rush
2025-06-24
87,46,63,51,76
0,0,0,0,0

Monday Special
2025-06-23
53,29,22,75,82
0,0,0,0,0

Monday Noon Rush
2025-06-23
26,32,67,43,79
0,0,0,0,0

Sunday Aseda
2025-06-22
74,56,67,63,81
0,0,0,0,0

National Weekly
2025-06-21
57,9,41,1,48
0,0,0,0,0

Saturday Noon Rush
2025-06-21
69,24,48,79,11
0,0,0,0,0

Friday Bonanza
2025-06-20
38,42,69,86,8
0,0,0,0,0

Friday Noon Rush
2025-06-20
85,19,23,84,18
0,0,0,0,0

Fortune Thursday
2025-06-19
28,2,12,53,69
0,0,0,0,0

Thursday Noon Rush
2025-06-19
64,63,83,88,38
0,0,0,0,0

Midweek
2025-06-18
55,77,76,44,65
0,0,0,0,0

Wednesday Noon Rush
2025-06-18
3,86,61,75,51
0,0,0,0,0

Lucky Tuesday
2025-06-17
68,21,18,90,11
0,0,0,0,0

Tuesday Noon Rush
2025-06-17
71,89,10,31,56
0,0,0,0,0

Monday Special
2025-06-16
55,28,11,6,47
0,0,0,0,0

Monday Noon Rush
2025-06-16
73,14,17,9,90
0,0,0,0,0

Sunday Aseda
2025-06-15
85,43,34,65,18
0,0,0,0,0

National Weekly
2025-06-14
61,1,51,69,30
0,0,0,0,0

Saturday Noon Rush
2025-06-14
6,90,28,21,38
0,0,0,0,0

Friday Bonanza
2025-06-13
52,87,64,18,86
0,0,0,0,0

Friday Noon Rush
2025-06-13
71,8,40,41,42
0,0,0,0,0

Fortune Thursday
2025-06-12
5,31,48,2,52
0,0,0,0,0

Thursday Noon Rush
2025-06-12
59,5,17,38,22
0,0,0,0,0

Midweek
2025-06-11
60,89,12,81,41
0,0,0,0,0

Wednesday Noon Rush
2025-06-11
64,51,90,3,12
0,0,0,0,0

Lucky Tuesday
2025-06-10
10,56,84,68,42
0,0,0,0,0

Tuesday Noon Rush
2025-06-10
75,22,5,71,39
0,0,0,0,0

Monday Special
2025-06-09
61,60,17,8,75
0,0,0,0,0

Monday Noon Rush
2025-06-09
77,7,51,48,12
0,0,0,0,0

Sunday Aseda
2025-06-08
84,37,41,86,48
0,0,0,0,0

National Weekly
2025-06-07
60,72,15,38,53
0,0,0,0,0

Saturday Noon Rush
2025-06-07
24,81,60,73,32
0,0,0,0,0

Friday Bonanza
2025-06-07
62,27,61,48,68
0,0,0,0,0

Friday Noon Rush
2025-06-07
58,18,35,87,25
0,0,0,0,0

Fortune Thursday
2025-06-05
34,2,37,16,82
0,0,0,0,0

Thursday Noon Rush
2025-06-05
59,18,48,58,17
0,0,0,0,0

Midweek
2025-06-04
38,28,57,50,11
0,0,0,0,0

Wednesday Noon Rush
2025-06-04
16,80,43,20,12
0,0,0,0,0

Lucky Tuesday
2025-06-03
47,79,5,9,51
0,0,0,0,0

Tuesday Noon Rush
2025-06-03
18,60,44,4,11
0,0,0,0,0

Monday Special
2025-06-02
71,23,1,82,54
0,0,0,0,0

Monday Noon Rush
2025-06-02
31,74,70,61,32
0,0,0,0,0

Sunday Aseda
2025-06-01
61,18,48,66,76
0,0,0,0,0

National Weekly
2025-05-31
8,20,52,42,43
0,0,0,0,0

Saturday Noon Rush
2025-05-31
47,73,80,45,11
0,0,0,0,0

Friday Bonanza
2025-05-30
88,20,89,50,40
0,0,0,0,0

Friday Noon Rush
2025-05-30
71,54,50,87,73
0,0,0,0,0

Fortune Thursday
2025-05-29
37,65,85,89,36
0,0,0,0,0

Thursday Noon Rush
2025-05-29
34,8,57,14,73
0,0,0,0,0

Midweek
2025-05-28
66,74,83,23,44
0,0,0,0,0

Wednesday Noon Rush
2025-05-28
77,85,87,6,4
0,0,0,0,0

Lucky Tuesday
2025-05-27
28,22,66,26,16
0,0,0,0,0

Tuesday Noon Rush
2025-05-27
30,11,4,88,68
0,0,0,0,0

Monday Special
2025-05-26
63,5,87,75,48
0,0,0,0,0

Monday Noon Rush
2025-05-26
32,52,5,66,16
0,0,0,0,0

Sunday Aseda
2025-05-25
77,3,45,53,31
0,0,0,0,0

National Weekly
2025-05-24
74,69,14,47,18
0,0,0,0,0

Saturday Noon Rush
2025-05-24
67,82,32,55,86
0,0,0,0,0

Friday Bonanza
2025-05-23
6,50,62,52,80
0,0,0,0,0

Friday Noon Rush
2025-05-23
18,19,10,50,15
0,0,0,0,0

Fortune Thursday
2025-05-22
34,79,74,51,6
0,0,0,0,0

Thursday Noon Rush
2025-05-22
16,69,38,73,52
0,0,0,0,0

Midweek
2025-05-21
72,47,35,55,31
0,0,0,0,0

Wednesday Noon Rush
2025-05-21
21,48,55,44,74
0,0,0,0,0

Lucky Tuesday
2025-05-20
11,36,14,7,64
0,0,0,0,0

Tuesday Noon Rush
2025-05-20
22,57,90,55,14
0,0,0,0,0

Monday Special
2025-05-19
85,84,12,39,81
0,0,0,0,0

Monday Noon Rush
2025-05-19
25,89,90,10,35
0,0,0,0,0

Sunday Aseda
2025-05-18
18,15,69,1,22
0,0,0,0,0

National Weekly
2025-05-17
2,56,20,23,19
0,0,0,0,0

Saturday Noon Rush
2025-05-17
55,65,40,75,84
0,0,0,0,0

Friday Bonanza
2025-05-16
73,45,52,58,41
0,0,0,0,0

Friday Noon Rush
2025-05-16
73,5,83,19,79
0,0,0,0,0

Fortune Thursday
2025-05-15
4,15,44,9,56
0,0,0,0,0

Thursday Noon Rush
2025-05-15
44,66,27,69,75
0,0,0,0,0

Midweek
2025-05-14
41,70,86,81,18
0,0,0,0,0

Wednesday Noon Rush
2025-05-14
65,42,49,69,81
0,0,0,0,0

Lucky Tuesday
2025-05-13
69,31,49,10,8
0,0,0,0,0

Tuesday Noon Rush
2025-05-13
88,46,4,12,62
0,0,0,0,0

Monday Special
2025-05-12
87,50,74,23,54
0,0,0,0,0

Monday Noon Rush
2025-05-12
50,39,33,43,6
0,0,0,0,0

Sunday Aseda
2025-05-11
38,3,74,29,37
0,0,0,0,0

National Weekly
2025-05-10
58,53,57,41,46
0,0,0,0,0

Saturday Noon Rush
2025-05-10
24,43,17,74,51
0,0,0,0,0

Friday Bonanza
2025-05-09
14,21,88,72,31
0,0,0,0,0

Friday Noon Rush
2025-05-09
20,47,37,10,16
0,0,0,0,0